time,x,y,z,phi,theta,psi,x_velocity,y_velocity,z_velocity,phi_velocity,theta_velocity,psi_velocity,rotor_speed1,rotor_speed2,rotor_speed3,rotor_speed4
0.06,-1.2072593128548412e-07,3.957714444813062e-07,10.003777631163556,0.0003436130320721986,0.00012751860803650317,0.0,-1.109793015268847e-05,3.3427800163311895e-05,0.12591469810803635,0.015244503912370366,0.006069264834179677,0.0,445.2888117268775,445.7848986609486,443.93046234747385,445.17929203519515
0.12000000000000001,-5.8698009566798335e-06,1.536232180176145e-05,10.019076047671538,0.0011704472866096438,0.0006099318194374703,0.0,-0.00023395029053075464,0.000574861687665176,0.38398100106174915,0.01067908658472644,0.0117164762322353,0.0,484.7277244001727,485.1517266737942,484.23460773473664,483.89098128738294
0.18,-3.487959221651899e-05,7.598090748681763e-05,10.044789252630064,0.0016502484332923117,0.0011793679612202013,0.0,-0.0007973136078427673,0.0015025943633213664,0.473092452055996,0.002004723003030545,0.004619040783364723,0.0,433.54360820266794,432.946843751896,434.3236569398442,433.59553616114624
0.23999999999999996,-0.00011511155225771592,0.00020993611512787352,10.081537918636371,0.0019910622449916815,0.0009479530563334393,0.0,-0.0018941752385181591,0.0029930605471152885,0.751721638910033,0.012170412987325404,-0.031959064499346795,0.0,492.9112558243225,490.2010901974844,489.23865622664715,489.99476260507885
0.3,-0.00024334697626944435,0.000439821541223161,10.132690301510642,0.0024995475628983854,6.2826142819355795,0.0,-0.002182117619917906,0.004743449718030538,0.9532112747332807,-0.0001899047053559649,-0.014556207826369972,0.0,467.8346309437185,469.1873948448675,469.16158164524165,468.20093799006065
0.36000000000000004,-0.0003574908217041228,0.0007825798724052872,10.19549583509385,0.002082805052574521,6.281247498743166,0.0,-0.0015056751959392869,0.006663206696389423,1.1401386324911265,-0.026015713912654507,-0.04925960618094522,0.0,465.1698169213383,462.44439821124456,466.3798894201011,464.3586992588285
0.4200000000000001,-0.0003838473313668675,0.0012300926521046928,10.272500403537501,0.0009416353396112243,6.279015116657138,0.0,0.0009532895538554373,0.008081852475000196,1.4263676205123172,-0.007794712570711267,-0.02016091325473949,0.0,492.8448240728468,494.98994539486824,492.90002979376914,494.24467550233624
0.48000000000000015,-0.00022836965150607356,0.0017351169561748904,10.362769680475541,0.0011672132084727949,6.27754606146674,0.0,0.004374106320459602,0.008745999191328385,1.582404653871826,0.02029432765747521,-0.034953050358830194,0.0,456.9344163581531,455.75367027646917,455.18323081023516,457.4253538978244
0.5400000000000001,0.0001461638953845064,0.0022857019630382652,10.458653495545537,0.002235489824551351,6.275464790488016,0.0,0.00830192353051324,0.00971221942657224,1.6136773496943946,0.012291882547787777,-0.03416276919285278,0.0,416.8112114354527,416.87967031265373,417.60900571074717,416.91040245190106
0.6000000000000002,0.0008452378421132879,0.002927228165651244,10.562647733871055,0.0027167030105239576,6.273571220847128,0.0,0.015238682165768534,0.011747976809838018,1.8524395187943834,-0.002297058357647555,-0.026804990507116298,0.0,481.2629685793845,481.819228650811,481.7876810768358,480.68337465021665
0.6600000000000003,0.0019919742155100066,0.003695090489853485,10.679576637995803,0.0024120994033305365,6.2718608868469214,0.0,0.023174291975059762,0.013821754045305192,2.044864749271648,-0.011313883785306306,-0.03214366662562336,0.0,468.799319916575,468.38415370963355,468.8873999641917,468.18651651819755
0.7200000000000003,0.0036014418672134,0.004567171077239062,10.80335103511285,0.0015986075365210795,6.26969592418039,0.0,0.030661888062613354,0.015178790231938508,2.0808812584261953,-0.018473881538331176,-0.04542968470139266,0.0,420.1665234525673,419.01243298738723,421.30417731162606,420.6847815791092
0.7800000000000004,0.005763568796501217,0.005509983153433781,10.933607823790053,0.0001452688091267973,6.267249818877048,0.0,0.04169700725709137,0.016106179941133253,2.260669655065901,-0.03934865355408417,-0.03278135644159034,0.0,464.5821435821487,465.5719314592953,466.98485141951875,465.35365613525704
0.8400000000000004,0.008524456058731422,0.006471640830208136,11.067480543265274,6.280832714256469,6.2652225308095275,0.0,0.05049115121304319,0.015758632528514088,2.201866815269137,-0.04663705402708649,-0.03588132355851763,0.0,388.2748522549153,387.98327359514855,389.4229827891412,388.7394242130135
0.9000000000000005,0.011919021636631548,0.0073600002473519595,11.201811885047576,6.277879890864888,6.2628253002615,0.0,0.06288001185455461,0.013572163756480413,2.275694983053225,-0.054939556573586665,-0.0496840152628859,0.0,433.82606480643653,432.6646822940031,433.6970196382753,432.99755068467243
0.9600000000000005,0.016184283155360295,0.00803514372710253,11.344237381173231,6.274682539039389,6.259677264020816,0.0,0.07964202827670863,0.008558146505314921,2.471408992801484,-0.050178572589693715,-0.05871051652778794,0.0,470.90266248270376,470.20227672030256,471.58018876099396,471.9460937564856
1.0200000000000005,0.02134842109311438,0.008403998973930368,11.490823962417538,6.271693666984749,6.256242718948663,0.0,0.09277293906731239,0.003499452368368715,2.4149219086182967,-0.04909647449329374,-0.054458118616017244,0.0,390.58569619542413,390.97932699019896,390.1992704040308,390.298342019767
1.0800000000000005,0.02755001561593546,0.008336631519816269,11.641111950076779,6.268909527361995,6.252654661225465,0.0,0.11432238173607359,-0.006065435928294425,2.5942720876160585,-0.041496925190068173,-0.07350380132279913,0.0,467.5239709461242,466.03525866829324,466.7979487248837,467.3894099597094
1.1400000000000006,0.03514557458384726,0.0076262433213636635,11.802614786745337,6.26638463661957,6.248820075309066,0.0,0.13932096078229744,-0.017897860542376565,2.7886808193913097,-0.04327675505581643,-0.04952214757044048,0.0,471.416087480353,473.26256802592906,472.2267592877073,472.0886051413832
1.2000000000000006,0.04428747150851891,0.006165049933014075,11.974685682239699,6.263767677579104,6.245939896791555,0.0,0.1657181454298643,-0.031089642073664166,2.9466030103714385,-0.044303018233208966,-0.04512661278260985,0.0,462.1847570844738,462.52974447301597,462.35426317859793,462.2724169382741
1.2600000000000007,0.05509939891029379,0.0038412031892001938,12.156842740882652,6.260957461100997,6.243613062600193,0.0,0.194944416540027,-0.046672018831323214,3.1248085940326145,-0.0524571114419247,-0.028417858224606584,0.0,468.1912324116493,469.48870433824936,470.00438479255996,469.370793212543
1.3200000000000007,0.06766128531849895,0.0005460893737342233,12.34835761625368,6.25771304630562,6.242082683920989,0.0,0.2239420610626228,-0.06349797750438775,3.2586297676787543,-0.05751870605066196,-0.020241109587784103,0.0,456.3716018108342,457.0236903411442,457.29419669237376,456.8889592406574
1.3800000000000008,0.08200962184624512,-0.00384002546464791,12.54828656775721,6.254411453660225,6.241406417159837,0.0,0.2544155303638992,-0.08306156703477195,3.4052248571427564,-0.050459370110860546,0.002397663920611238,0.0,460.144888427233,461.93370568780813,461.8651294748751,462.4196470118448
1.4400000000000008,0.09809943090296366,-0.009403128261926907,12.754697549619301,6.2516581797159745,6.241795419769932,0.0,0.2818742526310486,-0.10264945089836058,3.4749197826311744,-0.038034162308814005,0.013607848649947886,0.0,438.34156892100526,439.272108657729,437.9735999818984,439.00453302150714
1.5000000000000009,0.11576369580341953,-0.01614475904684502,12.963765345518992,6.249372190977013,6.242248381063941,0.0,0.3068695237696724,-0.1222752191262044,3.493939931669539,-0.038231403748034305,-0.008724105004231823,0.0,422.79580258286336,420.8671909114679,423.5375842371091,423.51984053763647
1.560000000000001,0.13508874131338497,-0.02424356522526879,13.177998578276922,6.246734914228622,6.241238126155203,0.0,0.3373510560260816,-0.14793508082234885,3.6466739575503904,-0.058986609977601814,-0.04265935122818325,0.0,467.27986653958635,464.62678347317956,464.75791153128006,463.1271259975813
1.620000000000001,0.156080210802449,-0.03377690935619878,13.396845112534093,6.2431918888091165,6.238882639116433,0.0,0.3625771928481495,-0.17015187634116255,3.6481771476944322,-0.0591783013655027,-0.03320256321915899,0.0,418.0351472003461,418.8575382170887,417.81689151256984,417.7974931740259
1.680000000000001,0.17872978428006342,-0.044800613167268966,13.618121401921483,6.240189666047016,6.236986495790116,0.0,0.39258743550467273,-0.19761361628999377,3.7274126467300372,-0.036171207526492985,-0.02858064061750585,0.0,443.83756573590125,444.21639539838475,441.9126563345868,443.80342523243263
1.740000000000001,0.20330940980781764,-0.057614181691408875,13.846137037985109,6.237781893566105,6.235261456884425,0.0,0.42689562106997786,-0.2297309072205385,3.8725966956702087,-0.049531267678357235,-0.02909279539637753,0.0,464.114874882674,464.07447863735086,465.16918722211824,464.12095231908637
1.8000000000000012,0.22976258152040233,-0.07219930774233761,14.078257236379411,6.234876792161206,6.233804007005482,0.0,0.4550120741549649,-0.2566935040964266,3.864740856268031,-0.046281296594938605,-0.016095737508255704,0.0,416.36438895317286,417.49986756447186,416.61648744591236,416.89896449040367
1.8600000000000012,0.25797119886969766,-0.08849724677956965,14.310823593536034,6.232103611572899,6.232751666825687,0.0,0.48535935772841216,-0.28681837066342514,3.8873655603194655,-0.04609675958918517,-0.020593952225451503,0.0,427.4535958364966,427.0701217177546,426.66150445143586,426.67590268815167
1.9200000000000013,0.2882886062520897,-0.10692638285790486,14.550027182872514,6.229335732585007,6.2313884059571,0.0,0.5253332886514811,-0.3277722775545428,4.085358972287868,-0.04620049863186558,-0.027355674189921415,0.0,481.58985628001034,481.0781128249174,481.2429090768959,481.2339810149917
1.9800000000000013,0.32104441466285666,-0.12788644394851498,14.801254524577724,6.226309318587157,6.230484954625419,0.0,0.5666248580555978,-0.3711931576726944,4.288101218144962,-0.06065813820624292,0.0022389733713700146,0.0,482.83382426768014,485.0615940829022,484.8237190820344,483.7347263313437
2.0400000000000014,0.35589125365082136,-0.15108926569714323,15.057057851183869,6.223798524608364,6.2301883229437,0.0,0.5949423931518956,-0.4024793201999721,4.238833763691094,-0.018819703731041453,-0.025915621012880738,0.0,407.60070952342915,405.076486539398,404.59627669014435,408.344500637746
2.1000000000000014,0.3926069543170762,-0.17638339957130988,15.312908716384607,6.222576434480931,6.228372430673504,0.0,0.629057670353988,-0.44075862301103386,4.28930613369444,-0.02366005236860399,-0.04081032691525793,0.0,439.29093805656703,438.05362573510865,439.83023311489995,439.4291469118169
2.1600000000000015,0.43161965087202336,-0.20423299432773914,15.575622331900089,6.220902926296663,6.2257356656216185,0.0,0.6716110636590661,-0.487692908883769,4.467082597878258,-0.03808869554696026,-0.05109744222248895,0.0,478.06006091194035,477.2745364022775,479.97466452326375,478.87811743736995
2.2200000000000015,0.4731295362735533,-0.2348129532428411,15.846956633649969,6.218277406462782,6.222621814508095,0.0,0.7123416223225791,-0.5318613211423031,4.576896696587981,-0.05860058053149844,-0.05354707813978834,0.0,459.7773369188367,459.5815568002413,460.54953542255254,458.9230106673108
2.2800000000000016,0.5171744089719018,-0.26813050851885933,16.12529467378711,6.214970560014894,6.219456990218545,0.0,0.7561212208161652,-0.5790483982232226,4.700458415873547,-0.04892402139563122,-0.0511937941157783,0.0,465.1942572993005,465.3768325724505,464.17238740490643,464.9293074464628
2.3400000000000016,0.5641324658195043,-0.3045821656183147,16.414443255653495,6.212384649145285,6.216194690602119,0.0,0.8094628033068928,-0.6362712510611123,4.9367440089663495,-0.033446704418120615,-0.061632822572450466,0.0,500.1182131736299,499.355577749665,497.5843261498476,498.71533351754084
2.4000000000000017,0.613734181893208,-0.34385601654465076,16.708341681107957,6.210786687959203,6.212249311383285,0.0,0.8442337198852751,-0.673015787645826,4.860140414232798,-0.015646817075205405,-0.07563169216810499,0.0,405.1666547237753,403.90213479839855,402.0425946085857,403.65209762204165
2.4600000000000017,0.6658736646809634,-0.3857495471850483,17.003037047293724,6.20958592571327,6.207603634974586,0.0,0.8941810055683536,-0.7235100220402892,4.962511558944588,-0.03060921760354747,-0.0812844777708361,0.0,461.3838161113636,460.9327112002267,462.1404236962146,460.9594170882809
2.520000000000002,0.7211540944319539,-0.4307469107686588,17.30447858251182,6.207734392944614,6.202814851873335,0.0,0.9489603847257839,-0.7765545471653866,5.084895032023409,-0.03136284713790416,-0.07702326226524751,0.0,468.4352139895059,468.76174150697614,468.44216703864305,468.38328426954644
2.580000000000002,0.7793571483818175,-0.4785347273609678,17.607557884901375,6.205707113485033,6.198144699009976,0.0,0.9915174717010382,-0.8165461893487479,5.017962706596025,-0.03914138410210552,-0.07951171773676398,0.0,409.02499721435515,408.7978807124012,409.61514397384076,408.9221113510719
2.640000000000002,0.8404546080339669,-0.5289976323545686,17.909719132594514,6.20390441564982,6.193365249064755,0.0,1.045483339236879,-0.8657251753351197,5.0538124472843124,-0.016229572437709457,-0.07995048580684513,0.0,442.1282112526468,442.086926427668,442.27583847423216,444.15878278330047
2.700000000000002,0.9048291960861788,-0.5823984770647428,18.213477376609664,6.202731315744636,6.188332383062363,0.0,1.1007589542301168,-0.9143925453413139,5.071280839518262,-0.027197740606298093,-0.09319925313676655,0.0,437.67837567751786,436.5681694269489,438.00059602198746,437.08733639227
2.760000000000002,0.9726489529313558,-0.6387735522459803,18.518640428568176,6.200831145407983,6.182609329805343,0.0,1.1603933208807942,-0.9649245370932034,5.1005615422279815,-0.042583795573605525,-0.10015367436125841,0.0,441.78502460636935,441.20330343254017,442.22203961862147,440.95222079106674
2.820000000000002,1.0440093316853996,-0.6981031486061257,18.82414273487707,6.198097496683179,6.176831010026158,0.0,1.2187793273497631,-1.0129562242201358,5.082790293436754,-0.05229939958782719,-0.08955090730640436,0.0,426.22669003429576,427.12363387603665,427.36357208087,426.53317487046456
2.880000000000002,1.119669324198024,-0.7609203918786679,19.135042760107027,6.194757584824288,6.171492573101073,0.0,1.3037284610446347,-1.081243788611686,5.279449642211052,-0.06342540853040453,-0.08784506854847904,0.0,492.8097563833549,492.9301024844784,493.33475449796885,492.5106445180993
2.940000000000002,1.199931942956866,-0.8274303291506226,19.452276830584758,6.190578785879586,6.1659468869544405,0.0,1.37214764545604,-1.1360958167724529,5.2947715810620295,-0.08652888898625664,-0.10367448182741687,0.0,441.71651515537826,440.4015273165776,440.10552466025035,438.1847797314921
3.000000000000002,1.2845842965094882,-0.8974555983154633,19.77193925346495,6.185360866292438,6.159349618815664,0.0,1.4501563974604907,-1.1985445151618797,5.360101076742712,-0.0878521948226454,-0.12705638809959915,0.0,457.21881419877104,455.34112645369197,456.7460444860383,456.63444379277576
3.0600000000000023,1.3736143629060904,-0.9709890354844766,20.09205192585993,6.180198723919403,6.152204382408854,0.0,1.5181086402918558,-1.2529997933794281,5.310331418894567,-0.08263215940649966,-0.10663700437771882,0.0,420.0779911558322,421.83135204885616,419.64923258832897,420.09560624849786
3.1200000000000023,1.4669878159982817,-1.0479939498527306,20.410319678811586,6.175360629599515,6.145565566788262,0.0,1.5948770398079697,-1.3142445158614966,5.29841137735396,-0.07691515599142998,-0.12018915727215193,0.0,433.0808290857699,431.927882295987,433.2634657349883,433.73851464250583
3.1800000000000024,1.5653706415000075,-1.1289799143748644,20.729893668778793,6.170775724806829,6.138323803899176,0.0,1.6851730499194204,-1.385683068588495,5.353504150301765,-0.07543379351264351,-0.12172857183858592,0.0,455.58222640906365,455.4463436699433,454.2573327502838,454.3716545434222
3.2400000000000024,1.6693897370846695,-1.214402405879682,21.05328483496893,6.166099639726557,6.131018389793535,0.0,1.7827590200242425,-1.4621262573544798,5.425535905117013,-0.08347187620125832,-0.12181356601344658,0.0,460.6849496529222,460.6653997899506,462.35011451995183,461.7116687546794
3.3000000000000025,1.7792024539300362,-1.3043505550651253,21.379654753786234,6.1606029533493825,6.123758042902438,0.0,1.8782698439392005,-1.5365812452386005,5.4529976482158675,-0.1175526912650263,-0.11943876886787216,0.0,448.48330092777184,448.6631101071306,450.36517635814727,447.59196152704016
3.3600000000000025,1.8940915494044084,-1.3982762240627753,21.702830981211402,6.153712370335732,6.11645827679556,0.0,1.9519196180378184,-1.5948085036555697,5.319894697068372,-0.10991470407887843,-0.12652443585732098,0.0,395.21257873778154,394.5433250565042,395.57147470782775,396.26079726583765
3.4200000000000026,2.0142912300385385,-1.4963990650544594,22.022635045314292,6.147325201941063,6.10931083817465,0.0,2.0553307717734026,-1.676498576989589,5.3397533435119025,-0.10030418909208481,-0.1073874093078371,0.0,446.400673354965,447.9469238135523,445.9588573746207,446.73339045267613
3.4800000000000026,2.14115442591806,-1.5997975852818165,22.345472324515903,6.141223158079672,6.102924479228651,0.0,2.1739465645392317,-1.770636409899,5.420671781083908,-0.104648762966899,-0.10460903515018014,0.0,467.4358620564393,467.64304922156936,466.6209777600039,466.27319876229586
3.5400000000000027,2.274525863263615,-1.7083991483420016,22.669173636021743,6.134494687320823,6.096466468273016,0.0,2.2722571736046597,-1.849939710772412,5.369244283341281,-0.1345662523189024,-0.11449042155445935,0.0,426.05375303062357,425.1970703818483,427.7797162668427,425.21152490031153
3.6000000000000028,2.4142467926070634,-1.822149124038072,22.99157228466741,6.126268812141841,6.089471493812759,0.0,2.3856380027434034,-1.9424014758483046,5.376855030822264,-0.14270744490153656,-0.12113118752810388,0.0,446.53848378110536,445.98417221069644,446.0339311235091,445.35101947161314
3.660000000000003,2.561120624075876,-1.941778952709292,23.315527062609178,6.117407278740801,6.08285680365918,0.0,2.5106723652085177,-2.0459908037032237,5.420865963807704,-0.16019628399858432,-0.0944296693357386,0.0,457.53975690520804,459.65029364781475,459.69184806938057,458.28364038231183
3.720000000000003,2.7153369105378693,-2.0675721343492333,23.6407459897394,6.107840097642475,6.077488567909189,0.0,2.6302532803837257,-2.1479039902064114,5.419233313513717,-0.1580083181939712,-0.08105045808263296,0.0,445.90652714188514,446.99165503073294,445.0590611193225,445.21404616101603
3.780000000000003,2.87611736258875,-2.1990649966750344,23.962552849702707,6.0980619167687635,6.0724992679428915,0.0,2.729460708527419,-2.2359327336227444,5.307746377838296,-0.175395901988933,-0.08773334547332202,0.0,410.3753638177322,409.7752872821304,409.86891725909976,408.29209803932446
3.840000000000003,3.0436318964759823,-2.336605652617511,24.28091179055742,6.087637098729209,6.0669242408344,0.0,2.854711213685326,-2.3496084628328826,5.303620127769092,-0.17064204100085606,-0.10608083189694628,0.0,446.8585353352428,445.35260614132443,445.96978316041606,446.32908026660374
3.900000000000003,3.218256794546275,-2.480708606755668,24.596757635950475,6.077107848272002,6.060821218434633,0.0,2.9665577680266986,-2.4546255867761646,5.224360032453279,-0.18754174720982825,-0.09417683980209342,0.0,421.5872121880433,422.6051100220352,422.9580058814877,421.4678692323342
3.960000000000003,3.4007108425908044,-2.6322223065121673,24.912262764349986,6.065455185501275,6.056297327165289,0.0,3.115496377584733,-2.596785498999092,5.291366157034414,-0.2128661663817685,-0.05240135512339972,0.0,469.0925311734034,472.3211372758698,472.02551343958464,470.0314856249218
4.020000000000002,3.592285457735121,-2.7926109176425498,25.232200702933866,6.052720928539417,6.052611221443801,0.0,3.2703764887743825,-2.7505842922916837,5.371989860721838,-0.2110114030221819,-0.09370705734765299,0.0,478.52723194561713,475.36883898080634,477.8779636835031,477.978402075001
4.080000000000001,3.7920041184013145,-2.961291298958949,25.5518603681606,6.0400576437195355,6.046877948366417,0.0,3.3872830798826055,-2.8730509670146254,5.283016745137134,-0.21114142046557244,-0.09952904452468246,0.0,424.88627794875015,424.3784566660537,424.40259731141487,424.3452339287736
4.14,3.998896954893022,-3.1375966612593382,25.86644922343826,6.027379786127778,6.040913250021175,0.0,3.5095232089668205,-3.0047491942497215,5.202849121907943,-0.2116113167059159,-0.09917804102340272,0.0,428.13281741944456,428.1537711493444,428.6543709405313,428.5686196187158
4.199999999999998,4.212490067193237,-3.3212670311175096,26.173374234341708,6.014818125858952,6.03490093840615,0.0,3.610665207259241,-3.11851402096949,5.028106326966172,-0.20520951412086205,-0.10234117468820467,0.0,395.28986457634187,394.9881399789785,394.7318866207901,395.27319993284175
4.259999999999997,4.434366204459015,-3.514182750347308,26.477892000191737,6.002537262572758,6.028604420852929,0.0,3.785484644081135,-3.3129560675266307,5.120846612045416,-0.20364629940309062,-0.1107245164283972,0.0,486.25226975411846,485.61508269254267,486.43879270670044,486.5186979871292
4.319999999999996,4.665249745448828,-3.7173085978027918,26.781984056648827,5.991072661482857,6.0217675247135585,0.0,3.911049045634233,-3.4587728731223613,5.015132307212559,-0.17352906252000355,-0.12132576646731537,0.0,423.94999161337586,423.0255168072326,423.08605776653803,425.63341372070784
4.379999999999995,4.904758952394376,-3.9304332429430757,27.083222354955495,5.980662598771751,6.014286195693758,0.0,4.072986881218888,-3.646112845871913,5.024924674472033,-0.17344515069328598,-0.132436023673785,0.0,465.54287263149126,464.6590585736358,463.8439568957642,463.8229906115053
4.439999999999993,5.1530021144643054,-4.153791964503052,27.381130403455025,5.970547292984804,6.006129913893265,0.0,4.202283509353538,-3.799929027609226,4.904908718055887,-0.16032244035374194,-0.1440591261756494,0.0,422.897826900155,421.87691707005666,422.22867876424885,423.33065216839924
4.499999999999992,5.4096897283691945,-4.387157718454207,27.67368521933405,5.961302793588509,5.997653195112594,0.0,4.354465602497553,-3.97957730798291,4.846021872102375,-0.14385424086465898,-0.1362340468116083,0.0,444.9329775382167,445.55474972943665,444.7524913976072,446.0770163891151
4.559999999999991,5.674646001445218,-4.630396445909217,27.95944746440233,5.952647330314521,5.989263405929941,0.0,4.47792503671977,-4.129061180339689,4.679200166911266,-0.14507614777612907,-0.14820660397027288,0.0,408.3796408905985,407.28974094516536,408.99259997485063,408.8623041915019
4.6199999999999894,5.949391250411333,-4.885178297455367,28.242221784743716,5.943886974159067,5.980727486355011,0.0,4.680641564930081,-4.364128164790816,4.744751150944053,-0.14793114928467155,-0.13246111104344216,0.0,489.36238092479414,490.51631885320506,489.00081066049694,488.77020514572695
4.679999999999988,6.234814038762212,-5.152499130679058,28.523879246624514,5.935564488172904,5.972366673661394,0.0,4.833873962179871,-4.547170950859153,4.643085628846239,-0.12475573238721983,-0.1589410092683568,0.0,438.4099883453533,436.18460144915747,436.03796340720345,437.95167976472095
4.739999999999987,6.530308298655805,-5.431747073921625,28.80156224346248,5.927858901883653,5.962592446118158,0.0,5.0164156178682635,-4.761514508043246,4.611678472168695,-0.13701080499167112,-0.17230568545160815,0.0,464.03993679442607,462.965075247139,464.01375783682244,463.03597980900946
4.799999999999986,6.836368871755049,-5.723434404470336,29.07572311991166,5.92066285428764,5.952936871424548,0.0,5.186115783939028,-4.961872345696692,4.525982502558388,-0.09829674125959872,-0.14459262779381826,0.0,446.0756284898259,448.30847862614326,446.92173128479703,450.0530968274542
4.859999999999984,7.153026928314885,-6.0275641088726815,29.345414710525283,5.914716791019671,5.943866392281459,0.0,5.369531092916056,-5.176127139325135,4.462591602557995,-0.10075890614960414,-0.16947858948336245,0.0,458.5470475648839,456.5438689934809,458.55173343579963,458.34792477052275
4.919999999999983,7.482401117121291,-6.34627294160629,29.615338131939183,5.908723407234241,5.933788109193998,0.0,5.609940121970919,-5.447558998245714,4.5325619280846015,-0.09820698775561158,-0.16511938963244238,0.0,504.43917145695804,504.7306205640232,505.4607060000699,505.6373479492684
4.979999999999982,7.824125591118366,-6.679139206612391,29.883572731030064,5.903809043129122,5.923957145969599,0.0,5.781344367451298,-5.648366826064677,4.407731118208548,-0.06091193194320659,-0.16142640221365454,0.0,444.25599315770916,444.5331930428069,442.2219879343116,445.2782920763554
5.0399999999999805,8.176593125941986,-7.024484783759948,30.145049693001102,5.900089558494104,5.914672293468364,0.0,5.967961265894734,-5.863398772022577,4.307151762673135,-0.06424174964184734,-0.14395006872389177,0.0,454.25343361431754,455.6308809080913,454.83793901075774,454.5684308523829
